======================================================================
学习率对比
======================================================================

数据集: speech_data_number
类别: 0, 1, 2, 3, 4, 5, 6, 7, 8, 9
参数: learning_rate
时间: 2025-10-26 20:32:35

参数值             训练准确率           测试准确率          
----------------------------------------------------------------------
0.0001          0.7662          0.7512         
0.0003          0.8496          0.7934         
0.0005          0.9048          0.8263         
0.001           0.9365          0.8310         
0.003           0.9542          0.8545         
0.005           0.9518          0.8498         
0.008           0.9495          0.8357         
0.01            0.9389          0.8216         
0.03            0.6204          0.6150         
0.05            0.2221          0.2254         
0.08            0.1246          0.1268         

======================================================================
最佳参数: 0.003
最佳准确率: 0.8545
======================================================================
