======================================================================
帧长对比
======================================================================

数据集: speech_data_number
类别: 0, 1, 2, 3, 4, 5, 6, 7, 8, 9
参数: frame_length_ms
时间: 2025-10-26 20:33:40

参数值             训练准确率           测试准确率          
----------------------------------------------------------------------
8               0.9530          0.7981         
10              0.9506          0.7981         
12              0.9589          0.7746         
15              0.9506          0.7934         
18              0.9471          0.8075         
20              0.9530          0.8263         
25              0.9647          0.8732         
30              0.9600          0.8498         
35              0.9694          0.8545         
40              0.9706          0.8498         
45              0.9765          0.8357         
50              0.9565          0.8638         

======================================================================
最佳参数: 25
最佳准确率: 0.8732
======================================================================
