======================================================================
帧移对比
======================================================================

数据集: speech_data_number
类别: 0, 1, 2, 3, 4, 5, 6, 7, 8, 9
参数: frame_shift_ms
时间: 2025-10-26 20:34:39

参数值             训练准确率           测试准确率          
----------------------------------------------------------------------
3               0.9495          0.8404         
5               0.9671          0.8075         
7               0.9659          0.8263         
8               0.9565          0.7934         
10              0.9624          0.8451         
12              0.9647          0.8404         
15              0.9565          0.8028         
18              0.9636          0.8451         
20              0.9577          0.8169         
25              0.9600          0.8310         
30              0.9612          0.7981         

======================================================================
最佳参数: 10
最佳准确率: 0.8451
======================================================================
